702872143843819520
704087584474013696
849621200045096961
732310244634820609
843713893876752386
4473233412
703432115401179137
715706362743750657
708431219789266946
844431368
711557543152123907
707763313397071876
2864955403
708349654933438469
712758684678561796
732259258822238214
147398667
829458349087416334
2240561169
791273468608258058
829441557543673868
847431596122570754
1863999510
4843356195
59957286
2905612327
1439203368
1248305197
17596468
2634457153
81322051
742355656536166400
766157816583360512
758359712169660416
792836337024045056
788589195019358208
783048547956625408
1199431760
809040612716646400
289628242
746815566
335741018
4865351771
3632513116
2474360934
2432753774
4866195569
3974127741
716635446516781056
716762176216764416
708222002688036864
722149444150497280
734518247547080704
744760913425731585
707651053395775488
830811062496792576
746796662094434304
743812575859707904
815052962594689025
417996942
4064100496
822202765204131844
898711705
3028877470
824467628
3140788400
757411613322293248
1947664568
1012023487
1544650945
2893897924
2251464901
4473569481
3311698122
3005645011
52936919
226828510
2511077622
1584324864
761035037999374336
760286711985217536
788582373315059712
110600452
752158886413475840
749051677383073793
1884324103
412016904
749732113386053633
755711813497397248
716842149178777602
77906180
780401462400524289
3304915214
848543731439378433
1581449490
21086500
251625768
3060965675
730730357520248832
734815571808792576
3087524153
70181179
2194841922
749642845372416000
1925554508
35660109
717079359069270017
104014165
1470751063
1386176857
4092019034
4068753755
1902879072
2587795812
3240403314
544792954
725314724414500864
725890584758595584
832874421358571520
830035014473625600
836529579913261056
835532797855019009
51511692
3364987280
3290341778
837691257669431300
3622232477
2567897503
1939448238
15188398
1497227696
393528706
2784461240
2567512513
1644708290
966820291
1035739591
4517241291
4885864923
87351771
2968789467
590340573
188236255
732905952
4796482017
820609444694425600
790329477943492608
2331959784
818473872064479232
3784147439
93897203
3766837753
475406842
153543163
3268133370
2538299905
797878661076500480
795000525527728128
851892104947056640
4211696134
3344712203
2237735438
4665393678
3904381462
73433626
3322978843
509518378
4505731633
3226673723
4684571196
3606798912
2159329860
1546789446
4669907532
805724207271190528
2239971919
4561019472
771076424857886720
709636081361166336
3157688915
413680206
754449322016579584
3303940695
4777124440
3032089180
3865961057
3553706594
362766949
4325663355
724943399606964224
740683356380221440
734515863945105408
737285430832418816
738396225293144065
730116789267484673
735247822468042753
726117640884867074
3961733773
1573913240
560177835
4537344689
4888838836
3372958389
579904184
783762109
701874878
171762368
3221013186
219079371
742790413245947904
3250447056
1066894038
4234592991
4822188771
2166825699
702382820
727670879736504321
4569236200
1682899688
3755287279
4274422512
187654899
4858610422
250471160
803054329
696330400407248896
718630699423522816
732632113460043776
748276725889392640
731574103816036352
703798084967358464
729492914548531200
831480830853668864
2168750857
724731129496887298
737733215230648322
716779272661131268
240214805
1663689499
2732000032
3278644001
1708589858
27763501
4786586415
76333871
4010812211
363782977
3282215750
3254453066
4013294416
2696659795
2692522836
2466292567
4053132130
2965627747
4241490794
3299812205
2908922733
2938684277
721031970227122176
718580241447415808
1550361474
759114296471220224
784585039321395200
752585197657419776
776864949075341312
4873438088
719991459827576832
769983922289668096
828592489191862273
3378086811
4322313141
4867580853
718774204389310464
842895209419685888
220881850
4557644734
2821047231
222610369
3679986626
306865090
3837150147
4163314632
3370312649
3871785934
746357712
235914198
3287827418
2580980701
99550184
4899439611
2186675198
740693467521646592
738845841524293632
739910659
739322496860585985
734931242806706177
1809368070
723813200743923713
727990135061512193
733466965759524866
1916036107
1018037262
3263079440
2714502166
29353010
2729092149
4544717892
1952793674
42951769
4029031516
2668684381
121767009
3398698111
744047667177754624
734542949393010688
742243051763044352
743114905927192576
3229148292
723476842536144897
565920903
840790829606277120
841444367701282816
1345602698
4679083152
4319675540
3447194776
3228591259
787301013132828672
769955799720419328
4909081760
474924192
3525698722
833497765699280896
325297319
383247527
3092243633
4128433333
2793768123
2280686780
2298954943
791203824480366592
829318973980225536
4222919908
2884027643
3320022267
45958398
730800161694195712
731641291017068544
4787987715
738151391269527552
732227914456932352
753448053541961728
703640232495677440
701404699560247296
2249516294
2674238730
4893320459
731445897637175297
733299371819704322
748546763653423105
782308683447271424
1490552072
3244467476
626238745
758340405842673665
712153136211689473
1036215595
4245955886
1333454126
87852337
630949172
4041418040
3862979898
4103898434
3653420354
378225999
65922387
1917748566
2247542103
2937038853
3356108133
2351957364
18236788
3076425077
2438423931
3299288444
741124036399378432
721653009785204736
714118985235738624
723618243324325888
740165081883914240
714900556620410881
707249634691907584
753329717265170432
759370800696786944
722630096704679937
2688877962
714227909616074752
712830642183077888
718455873320955905
728206316666269698
417547695
905700788
1553876406
3590292922
4320519614
432088515
3282986443
1606960591
800015826
1179993554
2724431322
3635701215
2795341292
2509571575
3787220476
2175141375
3221595648
4033029640
1043785224
3146647050
462628365
2190771733
544654888
3184698933
4858168889
727583216937390080
727764718748880896
848707259756630016
4189922878
3260687935
4843365957
2486281814
1533044317
2906654304
4028425828
4004431468
3402245741
3064956526
629876335
422282866
741466052870197248
703054915736883200
712415675306921984
724365521681043456
725136649995341824
704492061546958849
731528393737555968
735360901948297216
731632264631734273
705770120073891840
701239099496255490
848954421807599617
345097882
4061447836
2984281763
4149765795
2880210597
4856022699
427108012
212969135
4119717553
4105987761
1442358962
2657830580
83633844
4420249281
544171730
57714387
2417493716
3908339417
942892778
4497934059
3318392554
1244399341
113813234
2938021623
1220306683
733697197020078080
724534953820610560
406382340
2885838604
3258820369
2973189906
41641750
3248916253
770096960812511232
4906772259
764850636936605696
4879337253
836374586019180544
1724999460
3071567657
4022634287
324634415
189474633
3171411786
4919691085
2903025487
839636821793390592
4559415137
2672756582
497567601
4266248054
4729767800
256542586
2935506811
2839078778
391497597
706167187497742336
536561537
786374873740406784
804863457099182080
812765666373726208
718235367527346177
714107136456978433
3307349896
813055710326091777
822515914436440064
823611535713038337
824687577714135040
766753061326819328
831090669015986177
834416100314116098
711747929065844738
460187528
1658685330
709186853266714628
4548528022
3601950615
2582554520
19550467
834584719199236102
277751713
2490541993
2845198250
3593512873
4218095534
2326226862
3160934319
430032834
1357948867
3011962825
19531723
4427671513
85993436
2249140189
4745496546
89368548
2844624869
2568284150
2747844601
614295547
4593412092
402876415
351864833
722860919819141120
747482312296693760
735287063143055360
713271554910519296
718188611766648832
709033679314550785
721616750337392641
3159648259
1936050186
702386629705601024
743522309252714496
715027082338766848
837019662
4149012495
791994346128150528
797878619271991296
801447396441985024
812516589866192896
288983061
4824156186
4870826013
2496563232
2227652642
3619719202
2987886627
3307776041
534808617
368805932
1642457138
4322494517
2656364597
3415935031
900868159
23275595
237512780
4533962838
381757528
1136150616
2945976409
2298357865
2977532020
1099958389
3383904375
353060986
4742924414
777193034614247424
713381059136786432
733744284856422400
757622157581160448
710531313397338112
748187145928642561
710648547079819264
713521734679465984
719631291747078145
707692307915673601
705933969733390337
3199748231
780496361619918849
818658390826225665
822560897822560257
4172892313
1442171053
2873796783
1309239487
2321164481
3327944899
4913203401
2374478036
3060017365
2275428566
2546698465
2830469346
4168755443
4719454452
3421513978
3013118204
762364067843481600
710367337333989376
710397391619301376
751226752689577984
4820044037
706181591920353281
752804625938456576
4116539656
759744503787888641
764536143354339329
791369142859276289
767885095315251201
785677054486323201
312518941
69814557
2821261597
2654120241
2875975987
1670031672
68602184
4508895563
781487356738142208
704176005963972608
4420544849
850119000
3345893722
4825344346
1679632735
4761028964
256444773
4697205096
4041951612
835710437060718592
3246737804
3894028695
4539902366
2992654751
803108799515099136
781089554732318720
309848495
3619588527
4146375087
3351980469
3103795640
835717423470903297
841685661455384577
2427480522
240478670
3234245071
4604463568
4680141266
4142123479
4754590167
81455577
3964299738
754564873644756992
138349020
782951228640677888
4717439454
4794755551
767679348765708288
791492679066537984
4058712554
2419067372
875088366
3310029302
4406323708
2481883645
807419251699040256
795472920642404352
4250552835
798772401928486912
4801825285
235235846
2428594693
816868201732587520
818983647189483520
820027886245593088
763593972115578880
756945121174626304
776609882308878336
778571448608628736
2996300304
95070740
4154100254
761301534
2149984800
1958595103
4848937507
1234913828
2646387236
4377250343
2293049899
16099899
2431134270
3182611008
722823745
3312183875
631450181
2434673221
718780457362391040
3817245256
856828488
263547467
4909943374
2372356700
3320957533
128420449
308185713
1260481140
3063827070
4882557568
2175789696
820158231368650752
796109122357907456
847774992498642944
850439303197052928
798304311713419265
806941739453992961
3231877768
834453688827727873
831144624978874368
826947950102401026
751083484383420416
2560780943
724594189430824960
792193859744833536
2271963794
820542503828987904
830983591328882688
718441368004206592
2992532122
3020262043
2957126303
3106515616
816735752201654279
489147046
823008636301615105
804074749269856264
4627335854
4746259120
2797177521
3708668594
3969272507
1616415420
4548274876
222350016
780839617
2283924162
2246838995
3267357396
2344061652
4416727770
2731248356
2228415206
922168038
553904874
4377258735
575531762
4815342323
316943092
83757819
336907004
745047801348841472
784490772670275584
238766851
743335568285720576
750649160395743232
744736624148307969
2959354631
752437692051316736
746544993976803329
757049012620976129
551242498
4793772809
3303279375
1866189583
949857049
2827758363
3964291874
3928640294
2779474729
4595157808
1939532599
421440318
319441727
182070080
713881075970404352
766659461016645632
772108041395302400
705145639697575936
3192580938
2548280143
1667083088
2943945557
2940144474
3988810589
716901214
271321980
806258095144005632
795443229382635520
798291003186835456
572484486
368692107
1684482956
547687314
4332227494
1450175400
800180540246626304
727203275800350720
2433764268
4707052462
2581162926
3381660593
4706388919
120810429
3386346435
4871719882
314747851
1483484118
4562103263
2334559208
64908265
4788390891
2937883631
547851276
1450454028
3366267923
841927699
3392293912
4618103832
4016942116
120433703
2765409325
3062623279
867560496
4815629363
4135955519
586943559
2909539402
2251099211
2908400724
3650546774
778681773035184128
763241718154092544
384109672
2364705896
3708709995
4288195693
3291786351
4689521797
754409040499716096
3331566738
901672082
1368558738
769650762959826944
769837952927019008
783943382162747392
789746447356801024
4486163609
2349362335
482471078
1006972076
2490059960
498355385
1382673600
3434532034
2864336072
3133623499
2973879504
3554192594
4434398421
2292387038
769063048783028224
1568238817
965684461
4580928762
4924370179
2212719879
789671180
2788863244
3225488656
840157770263404547
1141009686
1589619990
2992762136
2279034134
2440752410
21253405
4080880933
2321640746
576785716
1881451832
703376700
376589635
2861567302
735744761919766528
732063941375885312
4190375241
2198670666
708519569653039104
721038668
716092197955764224
2418511182
773586855698759680
2999553364
36924757
3553299798
4831219031
299339111
1636216172
3023310196
732245365
3330264436
597740918
848568708167610368
2701634948
4586589576
3946286473
2868489611
4906274188
4656500115
495742357
4385459606
1616367001
2196565411
4868001189
3390221734
634785192
88985003
3559714219
156773813
4769910203
2206215614
2214342078
3253013951
2934541758
830548977816895488
821138659307094016
739626796057034752
206319049
1575800288
608513507
753692132
3451145716
4859047420
2393607676
2385792510
1932471804
593882632
2842324493
770518543
91270672
4708437525
1060720171
2262240813
735964736123084800
738911914932084736
733085900150710272
740258159957155840
3416108594
152825397
4824124990
3320155711
721440319
800414293116100609
1357475402
3410529880
3327274590
2994507367
4173893234
386911871
3036630660
362802821
2292985483
1617161886
2561953449
3092967083
2474102444
4137668271
1010208432
848592184454545408
3300896465
235441875
2459922138
2185424603
3066212066
4276252392
3652898538
1521176305
3500109554
4540165893
844038759842701313
104779528
1254928141
1195380516
3395882788
467570471
358649641
2995957547
4836814637
4880895790
3863727929
2444627775
466906946
3092033349
3815124814
3003256654
2902691676
4922396513
4741132130
1913163620
38973300
3431772022
40800120
2769768312
1281617791
4172058507
4052045712
2831789979
142176158
1653952418
3924750254
3257954238
1470640064
3315568576
543854533
842330054
4316516293
4382134222
4309757902
4108308435
636547037
3916599262
2745978850
1278078956
803038116063768576
812468546844446720
837501607621324802
734633928364003330
2373210116
719972854612299780
734540272239923200
731607712199544832
719705836155768832
716349143736848384
732293873603645441
787455236101246978
717363972647817221
746135364755034117
744629290860449797
716398884331892742
717830303469973511
746918556378378248
1205981197
702578078397104130
2291929099
4323119116
787097596863053827
882356251
3050172443
2431455271
4122169385
554922028
3971485752
3275255870
1650372672
543895623
298758217
750208061512552448
819383832889724928
787827733552369664
1905299534
3060183119
2782785632
729841164778672129
1553780838
2287014011
35598460
763664742661492736
757823150897762304
778055715474640896
719675669030899712
751461504692523008
717312984222011392
771322299798523904
752892988531937280
718181743346323456
700865399743582209
26046603
2784874635
566685835
1146876042
1263104144
1448374418
3824267413
4267085980
4084773025
320721060
3188117670
4032704679
3385921709
3310317746
745791205309460480
789689497336197120
747293053459673088
842018995
758917686961156096
818678960531746816
4297576633
790770300346478592
2803683515
80597177
609702085
178483398
774691819959398401
406374531
2473693398
25202904
3973517532
1628934367
3224400104
2760585454
1578414320
2834911474
4668780788
1684091124
703576623988219904
721177328290766848
702276441564651520
706298129394573312
3251310853
725832010267238400
758717052681068544
761348284602523648
2380886281
776182004148740096
726469092178272258
4711371020
759610403844399105
792809532330221569
3331453199
811951496145281026
4015100178
702351761785364485
395129120
2312081706
2734043436
4913516845
4718858544
734556377381777408
3267760446
3108303172
3129856327
3997053260
3358110028
27210066
4074066258
2513432922
81711453
4601573728
341872999
3135762794
3091403115
2877600110
972927344
2631324017
3355513204
2855555453
1235333503
701525948886167552
720004109852487680
700838821017956352
700849497652342784
716281706555125760
714482510076325888
443617668
4726755720
706945029936263168
712907445241131008
768281143833538562
3350688147
703121207646769152
718943115604676608
742737159069650944
806344456391643136
800331448951525376
813665073847619584
3353293210
795132687342129152
2548691364
3938849189
3491099055
3501527474
2629874106
3113439675
3066065343
822653377
4573467074
942297546
4880167372
2830184916
2765451741
709120478
3301560798
2207789539
3266761188
847146083998466048
851825084050407424
3084235243
380826091
3024671220
2863256052
109728248
4734579193
4040798716
4841910783
716853999333425152
808368216825282560
800827145475997696
554684932
835628796296445952
715819424796786689
717876352729366529
747712908730187777
811034060910903297
4756279812
716303062139289603
2443366933
837455324084846596
1424445978
4671402522
3309924892
4082012712
832279082
2328261168
3849032249
770286827404075008
1594544718
1012331094
1618670167
2372301404
4685746788
3096900202
2472383082
1250079338
1659376238
1121948276
740011549276786688
700758314116730880
717577220718350336
723356586823929856
742198566702043136
702220375858368512
729443309769216000
739066543728775169
741425660615217153
616559233
3954332294
717856908627955713
712687414024622081
722599860742934530
4260115097
2244211365
405344941
3382047405
867832495
3157963442
429765298
4599919287
2919731896
4041945789
4805431998
3303756486
89756361
1029575371
716028809871564800
742664850611052544
702710670429724672
713383056036536320
2826113752
2720748249
4701147864
1973277410
357995235
299487987
519254773
128479991
739261867584020480
725973083509645312
752452197212905472
783539468611510272
736742823903518720
735211615675637761
747482378835222529
775010009159720961
751979203608862720
762186527950659584
724611226668523522
781487073345822721
842206819753811970
834886399761473537
632124176
764494464001925124
828578714749394948
3581645592
2466755352
1585402650
4429255452
1362981661
4195463967
2576413475
3234542372
2288530215
4635415339
264352572
572994364
310489930
4276212559
250295121
39891794
2367066968
370422621
2812277608
172045165
2438746993
4416148338
4753322867
2790519672
2269844347
227365758
725961331921154048
752058929987743744
750729732623200256
744158084
104977284
703409597147541504
794644333039218688
809992124032643072
811460680012296193
752689429756538880
703342284746551297
4789760908
704839207215198209
940438417
761601763002593280
1459524524
936096704
71046082
474436547
3131601863
4492170198
3361747932
285373407
84906986
3652858872
570340350
398390272
752908992171638784
761419239559430144
755498188333809664
741129832805859328
749315635264520192
749230693771804673
3160323078
4528698375
760919234738290689
801688554166452224
4086174731
1534505995
803162501890342913
767912915039059969
743919176641839105
814127177239265282
230953994
153310221
803317413165039620
2508313622
813492933731188740
3244209178
184669213
3010532388
4834382889
2608665643
450933807
267883570
2980860979
3364910135
1239626808
2440598588
718102658725183488
2537862240
2372932729
80516218
753499821923667968
741528999008964608
748281478648205312
784342077094006784
727286839573254144
755204346321604609
732070502445912064
703464021685473280
758352254348857344
702281048084746240
780541596051738625
4776391820
727497059947810817
732308613713137665
723694879981735937
713395061501759490
1180726417
4731516050
3478942872
4817777817
2754270366
831633077902401536
833371596417032192
834412415689318400
2887103650
3719541922
838003821859201024
3335820465
4826264764
1202320573
1593685190
1342534860
4598568143
2275333328
785993483291013120
4099871956
2207954137
4545246433
2552845548
3239761141
705573338400333824
711348771418972160
2880525569
22689026
759912823849746432
798743401168371712
752885674269736960
789229004846792704
710169382178168833
711106390027313154
4647982348
2925131024
4368823572
208794911
4336563497
4154930474
39384363
3135853868
531428662
4153988423
434369867
4391310675
120116566
27719002
3281909089
1301239140
1362498932
3427415415
3416012151
4868191613
758828856170033152
746956992409808896
712377373849595904
779837788774510592
781668350870990848
757636162227843073
756912487954427905
700990396504080384
2958652808
786899303130333184
783565832974630912
790125832601731072
777598474078433281
839619212163284992
782741068148244480
2469164443
2906920349
745882098335088641
2243745183
11113892
2987382181
402429360
1158657458
1668142514
2228176262
1843467739
276280811
2279593452
594318830
1460508144
1342977524
3266565624
3327735289
2898998778
723945831943028736
709403285220933632
715279051502567424
2356647428
4757575172
719541959073906689
702628781291388929
706907881497608192
2340992520
714595384878874624
842387981700874241
2896164361
700723903996542981
256792091
3712177695
145471010
4840289827
3864278566
1353643568
2209429046
1002468919
3064804919
1098675768
394835523
94934600
3368465993
1956017742
321713742
4245083733
4760802902
928872032
591459937
2198812260
2166601317
2231096935
373651061
336459388
1499010686
726077226899263488
848307393490374656
4629296772
726447364039299073
848549475559723009
837709063257378818
4566013580
2990577293
2939065999
624957072
4183807633
4423071381
3153155743
2334086817
2550896292
2877486759
1192261302
718157497
3315472058
3913520833
866203333
2850961109
2538075866
2206365403
233133788
3917518572
3308549875
3194787581
708014297075605504
700000866410094592
718163279852527616
714141695403810816
2601080581
715921077919211521
719224645195587584
2345998092
36042510
4417615632
2891290384
721377710799511555
2914162453
3599464213
437778203
2909542174
822420241703702528
2466674474
3938359094
2865985344
1961129796
1565546312
251238217
4498978637
1656821611
98449260
2598311790
4249819000
727292483881725952
840737977294712832
835391672435404801
3018545038
329299859
3268196246
4705982360
2320914337
3182008230
771970982
4866652078
4741707695
4268267447
2485794752
331724740
1713969103
965498834
3933788119
4832319450
1873565658
2824935391
4230739936
2667157476
2935691237
3096803304
3138336745
237443060
2489858048
1573681152
728224419534012416
728410237519200256
736988219993161728
804313834479616000
813880786768297984
824590473046196224
3585808392
826762192414507009
767408458446540800
767435162472812544
759438836871073792
752613090118733824
709214883070480384
773466037983514624
765118257430925312
3863607313
828115918899253248
710814275649015808
2713712660
825038499279732740
4882446358
3040393243
2564593698
2368518181
2417981490
18880568
3218872378
4320032833
1540487240
2551527506
3449272415
1598806116
2436487272
4167915626
862632043
2434488429
2269927534
4052326512
426907771
4004862076
2750634109
2827999356
732007394922795008
724062309396582400
723337858623279104
725329933032034304
726154169124458496
731243043609710593
739644879878295552
743477712069660672
735000315796197376
809458721231278081
725845585769598978
587356305
4371486873
2551543962
52533415
2327910576
758110386
409647284
4161091769
2216581306
2610985152
1240496322
3386521797
3259578565
4711659732
4803352794
4861958373
2548316389
4106303722
2284304623
409434351
4885977339
714276803658063872
705890406450536448
122214659
719482932864425984
709090174899265536
704471403622506497
703709008537001985
710946043005968385
3397998857
716025932516106240
716146110520303618
742195706161733634
731565712410615809
742152532559077377
737455818895990785
713945965384900610
739582953479675908
272021793
934811941
3377715494
184686887
969324841
3348470061
3431872813
4231854388
4690393404
1909791038
4598921534
3979901248
2444327237
1559386442
149739859
1953249637
2906913126
1558583659
4887001465
785217478444003328
785282750425149440
766857940921823232
781945984460861440
758941937692913664
759093714727809025
775930323490123777
762287075945164800
774736844005126144
807877002
752762843099901953
831343069895143425
2917063053
3635427732
4862261658
802875302305234944
806083619697623040
807213311725043712
770329134581055488
771048215571496960
808028169714434048
791669664824852480
787771335493713920
1938782642
2326280629
2439559610
3384605119
778642721783316481
4378409412
1903720903
1887861192
4622064075
3035183564
19523714
272267734
549280214
769294846485942272
756996943272824832
3373226464
217479663
393886196
1557248503
222378487
4491262457
1084643833
2950789636
2564176391
783118492497092608
769795781322612736
771849175373717504
708887096702803968
1511029267
2574506517
2477070878
4710365736
220559917
555506226
3234527798
4865047101
1077598788
3397843527
721837392953344000
1418582600
3433601615
3267549780
356817500
3405691492
3300096632
2544106107
3846683260
2890709630
754209017057071104
785430575628767232
756166120176963584
3029908097
2287598210
785249185419317249
755412412988215297
1120598660
2574031497
758603139574484992
834210158087589889
846273924740501505
3016809101
757312346423435264
761205409805901824
805777202902081536
759337839049973760
772717792114122752
2666183313
2710370964
2157812372
442251924
3295754908
2409020064
389905061
795208904149966849
4776589992
3019594409
4855708330
4419213995
4699486891
817196405760598017
629021360
4866833075
2730703547
211753665
4423178952
2287786698
2870426316
56769237
2381331163
350485216
4567587553
4119599848
334453482
758440596465999872
761411849623658496
345520899
761939260924715008
750820479024455680
765582328873836544
775763246649401344
776508491242627072
781961280424992768
2682338058
2438789900
755536445973159939
760685430547374085
4795366178
855655681
3191462707
4916280118
4831632183
2736323414
2967214935
225139551
796670438764056576
1952750436
352893799
2497567591
3325827948
2284690297
1721219965
2243435423
2857851811
4664957862
4586077095
1369529257
179616682
709814868442910720
739568625288253440
3410164653
735555418181636096
844733359
769410812943306752
726540564624084992
758522970855739392
1965456318
2740648897
289545154
738380752174223361
381090757
2505407436
2563955664
3241909211
4904860636
3310042082
355154915
4690664425
2500156399
3131538417
3260201978
755074051207561216
763740415040389120
774289377577107456
807136345051332608
791365941498183680
772491671888166913
786565627947483137
811041111808638976
820139757707689984
1590565898
2636512259
3956399120
844737501428416515
754441467427520516
798037648069853188
820473376523386884
821554207237046276
783412021966635012
844265829428592645
1869069361
3424812087
2842451010
2740919364
357956687
2785516633
259603548
791440812915646464
2413354087
354212968
4924726384
3954359412
3140500597
1575861367
215227512
1959787651
2834742405
784916923393781760
786995699426537472
771830510456680448
2430950563
3393256618
2877488302
4379401396
4696882362
3054501054
2786081990
199343311
188128466
4812774616
3932306653
775031544503296000
776893362460909568
766423096916140032
4142906602
1948490988
3070385389
35708143
2949020913
3021790453
2200550659
3289701643
3108658452
4842667285
272432408
2282888473
384580892
4421967139
1423850798
1734556976
3420183863
780516666
3414285630
741209520915939328
703163198887755776
3319225676
435060045
2895068497
2582109529
3110845789
4153335134
3316612451
4629642600
4794269034
3303406961
4395343223
15351161
4215872892
1104797054
3291069823
46824835
1242291590
609385863
4340424076
1087683996
35585437
4895587749
1000562095
2276834736
2950454709
787701182
794566081
2964037063
2920865225
3276185034
3402440139
398843356
3963330014
2601770466
433798636
3422944753
921345522
165830133
4175691261
3287301633
1942060556
2200641038
1116634639
3008396816
1621917199
585842200
397631001
4798332442
2850676264
4492860974
741455192621621248
1573928496
820900725496520704
731910568890638336
836670432572907520
3087679043
806479328502390785
902020681
1677631062
3399581272
2204335705
3589021275
803289777424437248
1671437923
2891325029
4925234795
488889966
390692463
82329216
2453151367
3234463370
2572009111
2584067736
4841307800
4810202777
1305558680
2607226528
23649954
4823465639
70508201
2953944748
2545802928
3412295344
3161792178
218242737
4056096449
380952263
109018823
3412582095
465354456
742276838
2660564714
3141041904
456376050
752910072
325369594
3364577032
3311173386
2183487246
205086484
2682953498
588652315
507977501
1548435236
4774838071
292470586
3149406020
796359723272372224
3298107209
4009975625
334872399
1449500497
813268820
2808422232
870743899
591519592
735518568
340402029
483794803
4855086969
4831354753
3078512513
220585859
3005251465
4473831314
3439591317
4225277848
480190360
54607776
4173152175
1208688576
349675457
344686533
3379077065
1420672974
150396884
4020699099
1505434369
2347835360
3632652260
2191294436
2455994347
4570021881
3011826611
852762488223420416
2823628382
2424533808
756830971178213376
821144415095943169
853385111487774721
853612427174330368
1458889094
2167026989
719446518655250433
853383511386066945
476112358
1315813855
400589195
772873738727456772
4222984426
4863299326
750288668720377856
785695949511417856
2802463894
2448565843
782715640243187712
745030554010161153
726812950065901568
3517192278
712461507762769920
700555500161785857
2874385599
2865264635
876613555
1863051090
632595565
385629650
3970164959
3920167101
2927916258
3984632957
3035474257
3352746699
30389174
3346999755
3959694808
3957659021
3923276956
2616445603
625073668
3898773320
2745341160
2276512746
106342979
2357644071
3092632534
3270641112
140570905
3882924614
15261436
3816400038
538212777
14665537
3876432138
621284592
1494168156
2164279507
560682541
602152804
355834133
2363158524
3133715083
3488287753
3792837323
3244600617
2538255512
1961983909
3709753812
3254746942
256710344
80112287
2300250169
3698402714
775110588
2950559512
3679922232
3296227501
232978323
57080153
3679172712
3258418458
3064993168
2763170510
1728047287
3657289397
3268633982
158144926
2479388553
57796871
3751847146
607893609
924841110
2459734615
2463203808
137747185
2262152870
3631052838
2728492059
2764759148
2808543827
2201887298
549046862
2944597129
3424924906
47749979
3639613756
1700491278
2834598914
3571883236
3012718418
3701762729
3701381477
3182143332
2409258589
3695159535
3694572561
2832069182
3247540028
164505028
3678137417
436634159
349318264
2932970225
452609292
3656258843
3567080233
357911830
1873547863
2904033239
3325660513
3255181760
149782064
63928020
3551887692
3640636455
2363105977
1861757161
3378932819
3636776776
2958834703
3632388255
3631571895
3615484523
16035236
3150503508
3115752634
3621209668
2366389808
341041441
3522569960
399252531
3611919627
232227810
1607710004
3300771294
3333426693
3498978853
2822856046
2517983790
2576945840
2344537560
2423021919
708998629
3285752131
3219576885
2827905615
3579643457
3484600874
463144264
408129902
3275267155
3438211551
3469551792
223739217
543496583
2322601831
3409874172
2706776477
3456571214
17262941
1224453781
3438803663
3547620615
2453271067
2907415045
3006523373
3422518632
2895760404
3323788620
630108855
3285011215
908294222
3352857412
3429792012
3161498659
3524317277
777255348
3426792273
2943208615
3419293694
3392165248
3513040757
3414180138
21989591
3225767230
2986509293
115831515
3325981628
2255031729
3118900337
2287068146
3394199233
3493898728
3303533679
3320947578
2922196620
471554880
1568863225
3323417014
3377079566
1864122026
3323705939
72258641
286586781
963851142
3349907593
3355747592
2281654506
240926493
3410848480
3222222329
2749140094
619934318
3344793018
3325871468
3335264966
17862220
3438018724
3328187522
3328055912
2263780099
76810024
3436837389
3436798017
1874359345
1952291587
3310138278
245077141
3318295290
3298619126
559997963
3434655569
705340710
2579123477
808037023
3427053226
2255530278
2822900066
3432576497
2222347045
3310654116
2900999314
2962207857
2912374930
3209116415
2230652760
916596726
3323259779
2157670938
2928087533
3281484552
3312907286
770349151
195898678
3428790933
3428464786
3427764483
3065880561
3317115121
3236179057
1075439766
193594528
993939606
882180770
1093831322
76658722
3074531509
1436811559
2794481755
3424828768
2306777041
3008497472
303833547
601359756
3299135313
3315499844
2256653478
2869056750
491864854
553758661
2345611560
9586052
1708966776
2823141749
318390488
994036050
3033974882
2895050709
31248473
2434069158
3148129176
3313458608
494519624
3226648075
2360564273
1569545918
1389933714
751950060
3312557414
585291217
3413186944
2322387099
166388613
3412080321
2845927545
3042670838
3160046826
3251069934
3187671827
3230466668
2903956329
3310065158
3407958519
3309153008
3314634029
2518710650
3304107595
3308255809
3405573945
3313467382
2158668016
3065828757
635896578
3307211623
314141899
3306697573
3398516073
3401579607
616095665
603198026
942456162
2889219893
3056668997
2860915853
2967157005
3303647982
3275070050
3288607857
3303245155
2984726263
2937815107
3361314981
2806321986
3281511086
2868246448
3300433032
3300173617
3299105612
3299563447
961895593
2356393450
3108593256
3291820639
3294223652
2842656778
3297292127
133099806
3292349768
3275181984
3290712276
2422807154
3291638652
3003879844
3306301713
3193206933
3389152588
2357127342
3089137816
480965610
622325222
3369898709
1436916913
3387240652
2334428870
2617039046
2502514255
2570281088
3386047509
3379433866
2785065332
3285040338
3284765796
3383348553
3284502236
2357765101
2451848274
486066319
3271584204
93210896
3006183268
3283156158
2900612750
348202431
1531939466
2984895215
384446892
3279986725
2639081819
724135008
2963062612
502609785
1635680107
3244874126
3373909601
3036053643
3372932801
3044851050
3276345067
2557287360
3276459582
113864873
2983087914
2957662368
2311064282
3061980493
3255556693
48260587
3370560333
3275116616
3177957374
2213366585
3369904348
3346088595
3177384672
2614831016
3358305309
1353753512
1090931443
3351410823
368148544
3356266659
3296353630
148680182
182782600
3355348870
109073674
62284426
81684360
826031960
2549125789
2862959020
3345389583
1894121534
3072375798
3260248988
3350778579
3260614806
3312250037
3259980818
3013871871
3350558973
3259731570
900948624
361671282
3019272927
447783075
581480673
2855727844
3258377706
3348301217
2337803126
3347246020
3256421767
837782538
3346768119
2548904478
732266814
2698165583
3347085731
1513446320
3257088780
1694985338
963734132
3169599949
194620003
3346500411
3256895641
2808716554
122205519
3344120741
1400524932
2256993270
3330701391
3346223242
3345921095
206297179
2603602914
3344646423
3248280384
3090760861
3254668328
1442048712
2168371238
3177049440
254351754
3342304805
2688500598
3133038829
1548531757
1543307768
3253174152
3252959898
3341899215
389506665
3040242440
3248404532
2727913727
449389787
3333296697
3225770636
2729395421
3064880656
2954157640
2262487316
3256406902
3314415717
3309373473
3068959134
3313481697
1870969434
3179853034
3228236479
3099739215
2986429493
3311762595
3304098825
3226907466
3229423675
3229158174
3302106598
3301731381
1169161712
18802160
2334034248
3301194724
3300831917
2995076252
2156982895
1371977318
2905517705
1914304284
2861381006
3101017522
3259188106
3298226763
1546207268
567682531
1139664690
794921959528210432
1447714782
3951897561
830750651420442625
3794915662
3062306514
2266291275
2741460017
1705780598
3335665324
3428378139
2252662255
24973163
3866184792
3513120672
1617436992
836782397966385152
828885761751592968
4872622908
827444441531101185
825403412187459584
746164868726800384
2351087187
3411801519
812431926413983748
4799470698
792276024201404417
3033242851
747266304764088322
4699277402
2765017207
1537562383
2156111838
4154266996
1373291504
2925704086
732665264551133185
4848189473
715393099401273345
3393287439
2988332375
763876593420742656
734192165929254912
754624609937297409
3470435238
744971769010741248
743177501367746560
743070546997346306
741880797809016832
738855862903672832
732833468296630272
733092265724239872
730221303802777601
721814876813811713
3250375248
722869982460293120
707010042424197120
101566270
4785664633
718921187598929920
717382497911308289
4611884777
710865552873492480
3285280869
705199518929842176
3346390859
4890093378
4894878479
3306162464
4868058269
4805242703
93697842
4798677160
4764008422
4720437782
1177185792
3241120570
2213242430
4615532842
4562176540
3233049848
88733267
4244394213
4197295613
3228557531
4124386279
4152969267
4128835572
1069736509
3317415655
981013200
3929463082
14220415
2878137061
317337109
3396203494
3495269837
3743061494
3915142264
3839947094
3247936941
1386170180
3239751199
3832840153
1356107131
3901389083
27387323
3311259515
2545737919
1973806662
40635396
2840862632
3776715672
3720488298
3678013516
3800673871
3636403335
2606146818
391290104
3800221693
3568151712
25069880
3353398154
26410254
3865375097
2838004217
3131463797
2543080382
3867706696
3865890382
632461147
3781672933
3857510579
3235811851
3856487777
2590078196
2543274912
189372872
3835990911
572910400
3615299478
3745510038
2943186889
3817579588
254710752
1928834304
1697134070
3801592461
2802614723
2401463299
3718058713
2777857416
578596202
2258279046
3240637451
388931130
3367103296
3366666923
3250995499
782321642
3271467368
3270945343
3122906399
3332538741
3363666508
33233452
2940820138
2478902454
3224567716
3362578877
3119253267
3151946690
764809208
2385783955
1634530766
387141312
3023503896
3312689177
3331860202
3247646779
3094780590
3330517113
3329475502
3328868325
3246498432
967439017
3317390321
417596147
1672088822
1676902819
3308896175
3244566325
2772337411
484169893
82223095
3012469736
1677480068
3243854984
3243577332
3243052022
3243453356
3256546145
2881706978
1090860108
277454371
3302393153
547225657
359960471
3108458236
3318691677
1642140373
414287342
2196249480
308456267
3094725528
3317671031
729510300
2931314148
2783201977
2291214369
3315904737
3315862006
1186914216
2595717876
29952400
3120936175
3238710169
2190731825
3237917604
3006249831
1103157566
3018550527
3010940579
1558200410
3033356589
2987094143
3308721243
3236386926
2600598913
3196488482
3236281286
2560580732
3235704391
2477269950
3307394649
3158685382
998891503
3234676843
3075321858
920271720
338823501
2845397979
3233147173
2686377289
3121356205
593877799
2502968406
2895187451
3074256672
2352176280
3022998998
1360490858
2171436724
332063091
3003834663
3232866558
618146083
3305431036
3305150001
419955896
3304922831
3166190957
3231602923
77906605
3012536940
3229453795
2423623901
727167571
3303491327
3006093697
3303341410
36313541
3293883389
3098263047
3187171676
3071697320
3225910585
2465053364
2473780717
3225466100
27921880
3296111121
438767152
118345831
2525665540
2225780750
3178684615
2649245327
2155114604
368595834
3074622526
1589194470
1395865428
3219888710
2829979355
3232825786
394397786
3094770253
3221075586
3221020418
3220708164
3252024123
323336767
2465145008
19798119
557324290
186881408
3216457483
3254677569
3251730525
3100321282
3279675634
57617174
2274202701
173744801
3023896931
3115663883
887489288
2921373529
3261651243
1428952153
2942520622
3197409620
610486836
118070113
3255133528
42799135
2984388207
3195716382
3018160519
3195596828
3242122841
1090200253
1443317648
2790609990
40575452
2466975668
361944052
22041124
3193810171
425173128
811155686
258129500
1078167554
2895111773
322036961
3248132009
3193040400
2519699922
2636286217
827335429
1305488773
2557719630
417422189
2940994270
45659720
594864817
1488874164
30619412
2999889439
339032964
3190529550
3173848670
262277336
2296904395
18573485
3239667021
198310620
3239425127
3243731584
2252943899
14853831
2585863736
2440776307
3153271842
2953539874
2703201420
3241868645
1865977280
1633282442
2467263079
2742894661
3179848314
1426802785
3165687871
2400682260
2155730941
1146911942
3239748357
3182097056
3081102886
2979323200
294841166
491636958
3044678728
2968220040
610745099
73542632
1148100948
2855148144
3239053907
2708331344
2371299858
1902121272
357635468
3100869323
1514107584
89312362
340044720
3236082040
382237021
216798025
270346033
3185397751
1959432295
1679511673
374894124
3074333077
270938644
3193176249
3131531075
3229751019
2516358571
2816321976
2374266637
2890055805
959700619
1444853348
908144072
1647129536
3049490665
1590573152
2972623996
3180721194
2730111806
1831719498
3179532080
311005974
3219252011
2710055357
3179203549
387229263
138266046
531813298
3215369061
273651877
2943108577
1290023995
2922829366
3210987087
2280021432
2901953948
30273307
1881676922
3185122013
2899867165
3207901486
2959684045
1335657806
2371028587
3128122711
962914003
755830898
253006656
3161140006
38512085
1023666056
3193489805
3192835319
3192532780
3188986083
3190911357
2392490514
3152192604
2471399372
49351273
200806514
3059656636
168825243
3179920246
3146211462
3087869226
234889855
17213962
16151935
2201889414
2879634003
2590858718
618731106
2828452638
3160299818
3128760947
3160178281
3158494404
1532601396
266655704
3167877958
2802529173
45842803
2951318612
753941154
460698654
2928504964
3167377737
245270949
3021026308
1223513688
3166073836
3165506433
2370071716
2309414293
2199670422
2369316465
1332238664
952362235
3070093370
2623301691
3150461148
2872065774
3116780661
1016563988
2588982608
3154150930
2777946446
3154111978
3064836886
415575919
2557957626
3121182286
2470414619
2515922485
908075239
2363171605
3142739935
2302262870
211897631
2980161285
3145697416
3144957777
999262346
3144489982
548168413
3140536259
184124558
99117503
3131260534
3140465058
144592279
2946825835
3139286337
441393648
3139918230
357741108
213549715
3135201905
2877190126
2984667009
2281231968
3139106814
3138995580
455302551
200076625
3130472701
3087259622
3111522494
141649569
3134871997
155055954
3134924202
578734495
3133319138
446732321
3101960660
3131256682
2369790919
3057480557
499981330
489817097
2391691597
3071995886
3127858640
2281230662
32349863
3123998630
569872766
933057474
3123303576
3130914453
2605744736
3120876728
332132826
1145366196
242580452
2729694143
3058375116
249461728
2942995301
3027341133
933277050
3109138849
2891267249
238625955
427808941
3097148888
597005023
2473668732
2476371104
43226737
636494243
3103649961
631410667
579600267
2367422665
2911176940
2956833775
3115918749
196783820
234937739
1654987062
347497872
2942990346
2792524212
3054909072
2666853470
2949778469
2893751607
3107005944
1051921975
2322446912
3087306613
3067248068
3094288356
1001768382
462309909
2906389055
607435840
2440726425
68349958
622122338
2473360508
850019382
3045483136
3056744541
3040475908
2316708678
2398644775
2500734687
3092286646
1717422271
3010589870
3086362164
3086323346
2878925460
477512483
1717720129
2723765348
2351059938
1906769778
2279876366
375278809
1290754508
904341704
2314707397
3074543485
890201995
3089979574
2754448984
3041337126
2861698163
27060180
467016157
2968630375
2864890631
1419220160
2543362728
2687384747
2482952076
2627106019
371849755
590091959
3081005457
2841598171
836782397966385152
2312443698
824000296200376320
2988278817
735786482
7395002
2460876163
3015280337
155041041
2487300824
2849217602
340000591
138465125
3078636567
880283592
2628849113
2882495150
104969775
1940445746
2783855931
1494521312
2225283546
2499788137
501989230
1624711549
3063820223
2275473536
3007135235
2430276171
327961708
3016509717
2681089140
3073527255
854081816
3073252803
2291639095
2723430158
2724626190
2834597675
2895715781
209188887
393605516
1617683468
2987339621
1460987431
2850220995
3068169549
22427134
168175303
3020645065
2966829771
2384851044
855929590396661761
367444457
1954909350
455051657
3064673661
29626898
2798220098
1369255862
544572040
2300726808
2973651429
323958168
3033669042
623481824
2420434992
3056278191
2479658748
3058066213
2899447359
2832093662
2954569879
1547711454
2751174957
406662221
2889464250
2271247807
939453546
2962820579
2724440966
2908105828
2656831832
1732066969
2796475818
1143968461
2875892205
2983261809
3051570774
2232223338
2919734307
2238007917
3064919141
2966572323
3015637311
3038535957
624071180
65185407
496505193
25047885
403867321
3045231062
605688538
3044605938
3033689867
2148962444
33432257
2845796759
1176049590
1567206488
459681554
3040528784
3040375225
197957173
1323763664
1553689885
2282369831
3058533028
2902355634
3058366115
3038954984
2193532620
2932953183
2410394722
631330550
3038551627
3021797973
2163904010
450656414
169535270
3037445051
3024592136
1315037174
3030547075
2932741867
2390053111
2841638127
1447906680
472297452
2704245487
3051861892
371108546
484257748
2881957342
2766447460
3050244244
2614347973
2718599138
1376410628
1212373326
3028997566
3005808763
459623534
3026631925
1332735007
431188502
2957712762
2527257834
3031580804
2823155398
3042838565
3044842377
2906487830
339504540
3028075692
3027395335
3039096430
2926148092
837078331
802697089
26655418
3044121819
832032757
2560361929
2959186026
2883415826
3018591878
3022436515
2273996635
160393147
1098571244
2441717521
3039870833
3020196397
2813541319
1439418662
3026193592
3021486486
2977409764
3038348325
3038404109
3020366395
2797065734
360149347
2594912533
2883605668
3036670462
3019983115
3036677698
3004477216
3019195376
3035464228
1053643406
1574532978
867287239
3032312715
2822860739
2916133285
3028526721
1600277851
3033217492
3025074771
515586852
267819567
2945957715
3016604388
3031732029
3031153253
2204557453
3031340649
2991324612
2830020082
1513161000
2576059333
2813524771
2995186585
235264192
3020961964
2614153413
2857307691
417479134
3013922227
3010947594
2880202631
1105264532
2826505278
3002673157
1675581114
3015063303
860679632
1537592984
1917496069
2958554624
2155188150
1486389572
2225657500
1668555786
3003367288
2360673483
3011778812
2836779333
376257732
3022169776
242693620
2457553672
2916196038
401094001
3020132757
486141893
385663885
704549700
3018298329
2998287833
2924672251
628935782
1848004892
1588861062
592199964
3013593975
304227770
2866055485
3008262259
3007758262
3007727534
2750131686
1123082461
433475819
2981523707
3005556481
3004064799
2513676390
2978152716
3005736877
3005690659
88783695
500148728
627394814
492437827
2830080591
16456902
2905539619
2505485670
2948369735
1466427852
493242659
561065867
3000663535
2743161547
2721335764
2715418512
2971016267
2892469270
3002304669
1663038259
779563556
145758799
1015884486
2515951946
2831864220
1555199436
2935657562
2703376760
2374407199
2616500833
2975590556
2796652130
2311610960
2295670434
2690896669
2349508224
2761835378
1402569169
2808019412
2874120112
714834696
432068423
2997262187
2996787208
2869567785
1652484426
2954150295
2992553984
428523147
1096170146
2263274958
2663017503
2461106030
1330816897
1218435404
2537905512
95082343
2980446597
518130483
2399813947
2989471347
2917313671
922328706
1385029627
2866901509
2852283086
2957760739
2826952362
2758177261
1700170015
55618188
1574327052
2986456756
2983814029
762132948
2782241728
550738245
2374885686
2980468205
2815326249
2984879566
2822402905
2984563708
1956003842
2661779142
865637924
2979900010
2205024150
2806547811
2706868996
2250616464
57905623
2982082151
2436375644
2917011721
519777014
1923289530
558668545
2838322648
1932668082
2318418174
2984871284
15195105
2976537959
1587612984
978818276
2911596663
2712558137
2848309189
2503033171
2957389697
2979302655
1673517673
2614389464
2975314570
357956751
552540043
1665541201
2835952273
18592883
521957322
2981045011
2912854401
2975804956
2934220908
2723877502
2729959437
2977996339
2964208751
2974437178
2967139497
1216986499
2896857971
2893307787
2646115550
1724083214
2732961680
528696498
1912254216
2868274944
2971932238
2971755202
23578476
2844933174
1013638740
2172772921
2965436944
2919652336
2887643437
338090526
2896646801
294722136
2678872616
2964837605
748297820
2909187929
227098079
2900729163
2963539595
2963243061
1664979655
2959896139
1368851444
1955733319
184634673
2874432975
2961134541
1439672053
315854269
2650244591
1977131598
382764700
2363059562
2958159236
776515981
1676165384
2658151610
497626532
968754914
534748475
2888087602
1355832781
797442002
2940260102
2953843462
1564014841
957121177
629827171
1037541211
2848737904
2471881717
2943094730
2949706012
570407251
1823161201
1335319082
2444565612
2946927074
2818275820
2945932155
2718968554
55351705
347802136
294325358
826313756
1634440398
2741790686
803421758
64271499
2864429794
540912090
563677298
429578237
54346233
2944386014
1715909526
2546002299
2939884773
2303512356
728716028
549700852
545668188
278289780
422766219
955809120
2766296472
2863213025
190666414
1385962992
381887041
1570139328
42451129
2925356320
230297630
61627796
1108943232
2458449162
2450485722
2907607155
378806327
14516237
2873307711
999327014
212365380
2690589174
2939076500
1382159196
2590226856
2909475493
2754430204
238449817
969482011
2464044066
2937673039
2871810485
2831520042
2426062838
2294106325
1730543197
2932285197
314293272
880317786
349323314
2925026044
2843512726
2929616278
2934801660
2512737996
821256373
977572609
393214592
2931916172
2920930163
2178824634
198535123
8492382
2930450551
527315862
1850014855
2167222675
2773856926
451318755
862831693
2929225616
2225282016
2920382481
2920097069
2854477639
1895490672
2926299588
2225631079
5415782
560185734
2924336570
2913108910
1363523538
2912259976
63016721
2874162407
2911302731
848178144
1661225966
2230833336
2922263088
2705563111
2910154689
1864107642
2922126829
2455586227
722838511
2577446681
2429966645
2920141418
1463406841
2908744565
2361850158
1078206840
2321466020
2697297560
2908293855
2665131565
2863391113
2236795033
2920193083
521646173
2876107654
2879060308
711544536
2832186679
2915895602
1543358546
2394759024
1628692916
2875860073
2171452130
423000654
2898661126
952789135
323588816
2897575799
2198475443
2913978547
317454684
2155217619
2889225513
1646288274
2880426553
2894875545
1301961752
2374656337
1855981567
453629262
2378005998
1212146179
2487538806
906423084
1667809592
368732843
1420590234
1697763283
2790575078
832152487
558237235
1642613018
2338838382
2467444819
2883015947
1152598742
716531124
856600839062003712
715928985222455297
856333925974724609
2863184817
2989437696
2878204360
2468666526
88548498
78004261
2163841134
2888187832
371031303
614648888
2895382147
2614574852
429750130
874151683
2904831912
610020806
519907252
2471447690
1544164338
2884236443
392147271
2874289881
2903224788
2901181242
2881496344
57330556
2842746618
2382359345
2532085649
1977069163
84562077
2803551104
2881266450
557889546
1533775914
2901933044
1333050361
2358025979
251533393
422509469
558976063
2766676604
194653508
2716833910
2876606609
997214737
975243546
388128555
2804276420
1439781973
20745227
2455687110
1636910874
2565964054
2508634285
2402324215
360190682
391233259
237396016
2842059177
894255162
2867972209
2839537247
2829808958
1855535286
2814666357
2835079738
1270663177
1909399316
2739101330
516764382
2572228831
2323049332
2611481690
2796149480
2859745071
2840827821
2793146359
1620693050
2889176287
2865260270
2830591450
2888608794
1506913933
1610598188
2520788108
2802429025
2884978460
2853549641
1689035054
2515069290
2611512597
1384252627
157456817
1631746321
2878707792
2850808989
2581053446
2879971538
2767982595
25897762
1228373148
2560249514
235766884
106281307
2783069418
1864876152
2848038005
2880039368
2847965673
1654002666
1679085272
1680199568
212908907
968621070
2454793748
1436294750
2875767938
1075675207
1881926563
2541252838
1968902088
951909751
1912765934
2750676476
420038683
1616701255
2183724401
1853184834
2805959762
1104023040
2790212871
2151520428
243028047
2813022493
1686436968
1571972779
2794339138
2793898954
2868122280
2255892662
2305616804
439990775
549854249
2867540060
852152030
2846363658
917920855
2364046074
1478210053
1031484572
528100204
590543139
2253395733
2741915108
708170881
2242620980
2178524527
2295214278
177401586
1559045466
1881441666
521529273
2613417540
2857153765
2761348789
371078095
2830250433
2856213240
1037715649
368623380
2436761965
2828795224
586232316
2848240664
2724600390
2768102260
2369099725
1014173143
2803466203
243905785
2727670402
2557376690
1120295292
1301461370
2153572393
2851442570
2850203592
2849206994
2821120881
21446999
358564789
1616303449
2518597184
552120382
2792833162
2283337874
2846265474
500177617
1920393728
2444123137
2774565171
128778529
2608439942
2707800752
2454187499
1594945514
2481715652
268733666
2462473593
2838485407
25005882
1526504118
1162673683
2754642007
593292833
2495364674
245592124
1048616600
1108048784
112004873
13083672
133928332
316293839
517804816
2595177019
2478929161
2795580578
385747695
2792387591
2834613794
2525288924
820150459
2821177093
727009334
2786731684
2337391309
859041996
140220614
2794583891
2834412336
77811699
2778107734
2784756698
198899811
756361921
518943587
2214211356
176069714
1966738776
2295228272
263434398
75112996
899230034
867149293
2544119035
2829270481
451887403
1855507794
2833471687
1656098652
96127797
2786304035
2392009021
282413595
2827194127
2809757922
2759875737
379442799
2776852405
1375727090
2688436940
51992859
565891374
1062433454
2602234212
923490620
737946372
2810733523
2552657358
2794844960
2829584298
47835550
345734386
67756188
2255492275
1488938430
2757602606
1071863179
2788486669
2777814540
2521551258
2824344098
1212699415
157494886
616742969
2374715214
536706984
2676320879
2490137264
817289610
2770431501
2446662606
609562190
2816188788
2377524985
1709402928
1624058346
476254063
2771441460
2813376127
234061294
2742090184
2552984268
427624118
1511944596
1393104186
156830144
271228274
1901557116
1558443067
158729713
458836357
564938825
1259411317
2770593017
2770384211
2513512231
1641438954
1578059870
2607148416
2808933589
2646317856
961408374
247797077
406173931
2808423198
582248638
2575538643
2446130166
1217198654
919542812
2770539973
2768834516
2804586416
316090246
316394752
315786726
253007971
2701333899
2660779519
2776873423
2355618528
2444089664
1252756628
2415345895
1411438830
396796528
2764769235
2800776558
2800687423
2380647872
2586075480
2799324607
2799302714
2249524562
971075580
2501874292
2409280958
2702199043
2644277070
2755499087
382440800
449983971
721166820
1169605663
1239631482
477127837
2292128190
1563181812
2386194751
746163026
2796408613
514591811
979374595
2571090290
2792668219
2561748812
1539081043
606684444
467798327
1260365954
1442082020
476049090
629711113
1466740410
17981861
2306939077
316146951
2445666001
1332737816
1921882328
17198924
785178349
825684985
406799419
447513804
607774087
1120356787
2571721904
2468656980
2432830284
844654156107386882
836782397966385152
2312443698
836782397966385152
2312443698
856670802711912449
856699340592730112
2864060359
228046641
1203137114
1535236848
2222290547
847464870
2757904755
631552295
2579496494
1861915748
2429886031
834991015
2758583189
19262808
2732373756
2780721757
2783961246
411366886
1899683426
2171466176
2251977739
2730325604
2741350109
2170430707
2768298038
1220667559
1475564665
626590055
599677059
1472117113
463051510
2654940090
352003611
2741936649
2382646016
2605299782
2613122000
2710426716
1168651782
509846343
630811605
166298931
2457826561
1552569212
253006325
132917994
1269344112
2472981608
941747274
892542307
2606317728
605295936
296541429
426842904
702087635
388648341
531326173
740657738
413319067
1483140606
1468179505
1317743976
605898692
799997454
455444244
1561141807
2749441570
2582965866
316107511
2590509853
2718415889
1172524855
145043315
2636422136
1945809098
2603747287
1463006582
2740742918
1655816732
2178620526
2397177457
407507450
1486797157
553808484
979879680
1317306014
1734772920
1073263687
1388050580
285858193
2309567132
2734703469
2211064759
2695405088
278523382
628145790
2327208766
404448117
1085871216
2665028935
2344715179
2334166825
2242253627
372348444
2642459020
2456384724
426306926
490090904
469726923
2213358560
2727503784
2721435181
1675387076
499361381
334416472
27637763
2602524673
2252816442
2720054406
316404140
622047767
257039389
2185747098
2729500366
76961826
231931881
2735361123
983599489
2694909062
553044803
2712912146
2392188020
2292261102
2687976853
2459731458
2358626473
2546826950
341369196
2657405442
2652001133
1465519178
2428460016
2493153577
2410723890
2403409838
2697276966
2609607548
487900043
2553686982
1886254039
2728551850
1257238705
608584698
1676408718
198568041
2727538475
2652987446
637400190
500331840
2390036809
1683759620
1955397235
1090558231
1573746710
2615867202
2614575950
2586651314
1666140878
398739708
2684642514
2298373338
2718213741
2247619158
2714746330
2532694676
2654020728
2301341914
2670017784
407937507
2503771849
1535856847
2664328267
64793470
1909191404
98585062
107311200
750915289
2495523376
508466054
2621425782
2652241286
2571618154
2533241146
2355620070
1553573786
2634811166
1692185906
605154576
2614929246
2199882421
2568127753
979414908
2447302663
2598263125
2620505912
19495981
390661594
2541427584
1029414007
1687363429
1059249566
2579938110
2277167016
26319802
1455604735
2463560558
318266746
25191414
2312920703
1246952906
2222081949
1553275994
952403214
1545616099
230714104
2417855858
2179564255
1637074489
1099823894
400927337
353130035
340661810
1542139872
2263328171
2586315686
2333265900
1450019179
2324354192
2586906012
2586915524
812159406
1206220440
2411522780
1028615731
87802513
2539702300
2631323223
2573575627
2544828846
1530792097
168610532
322421369
938263063
1618741752
459269265
397172560
2549882299
2234217800
1941455989
738955482
369655321
1350746966
366217289
1554831505
2327185110
2240868955
1673905272
273390706
100459639
2359616413
2522541571
272549731
83338113
1129572534
2526601010
860540738
37832874
55660997
331208049
2483900678
18939785
1845846030
427266253
724506913
879304015
585126962
264371415
1581687488
800630420
37375115
842903172
1576590846
2177078166
2460343040
990166530
1969960771
264996718
457804153
2441287791
2434569420
2433322279
2433681338
2434319492
1426991930
349409205
2263323625
114307333
613893013
291401164
635954817
808117453
753603541
201006899
724855922
276732566
717356623
348847172
781185044
129628252
856822903584808962
745311877501059072
786217426799124480
2410440012
1376018598
2613779629
2610073517
2366719663
1551108704
848299694593671168
855155882627411968
4473363012
807183961210261505
857003948691116033
856938494542790656
3380638671
